2206.25 0
0 3 37 4 53 420 12 17 72 0
0 6 144 203 262 313 301 260 241 253 202 0
0 9 103 162 221 276 243 269 218 38 0
0 20 25 80 61 121 133 82 23 22 13 0
0 21 62 91 32 31 90 141 2 0
0 29 89 280 339 398 308 368 400 395 219 278 0
0 39 40 99 158 209 159 100 8 95 154 33 28 0
0 44 50 51 110 169 224 184 64 0
0 46 97 217 166 107 48 47 106 157 124 164 109 104 49 0
0 52 57 117 125 65 105 54 5 45 0
0 58 119 256 315 374 417 358 299 191 178 118 0
0 60 113 15 233 134 75 16 11 0
0 63 220 128 215 274 333 388 362 381 81 0
0 73 1 0
0 79 246 324 383 382 323 264 186 259 83 0
0 88 213 268 242 261 210 151 92 7 87 86 0
0 112 238 179 71 136 195 254 353 300 135 0
0 122 148 93 34 35 94 153 208 182 201 150 30 0
0 142 193 181 320 265 206 147 67 152 27 26 0
0 143 318 377 378 319 306 384 366 379 138 0
0 146 332 391 390 331 272 187 267 326 385 386 145 0
0 172 185 416 370 411 310 115 55 0
0 175 116 10 111 170 229 284 244 277 226 167 0
0 180 192 137 78 19 18 77 132 120 173 74 14 0
0 183 216 161 102 43 42 101 156 123 149 98 0
0 197 252 240 293 194 312 257 198 139 66 84 24 0
0 200 367 392 307 387 327 247 205 140 85 0
0 211 270 321 302 328 273 214 155 68 160 0
0 225 350 291 190 296 355 414 345 305 352 297 0
0 228 129 223 282 341 396 363 389 338 279 0
0 237 292 245 285 234 415 356 250 351 410 56 0
0 249 343 402 401 342 283 189 41 96 36 0
0 255 196 131 239 298 357 412 365 405 354 232 177 0
0 263 204 126 199 258 317 372 360 413 314 76 59 0
0 288 347 406 407 348 309 403 369 408 409 108 0
0 295 236 130 231 290 349 404 364 397 346 287 0
0 304 344 289 230 171 70 176 235 294 174 114 165 0
0 329 303 336 281 222 163 69 168 227 286 337 0
0 330 271 212 127 207 266 325 380 361 373 322 0
0 375 316 251 359 311 376 371 419 418 0
0 399 340 248 335 394 393 334 275 188 0
